           precision    recall  f1-score   support

         bg       0.05      0.07      0.06      1000
         bs       0.32      0.17      0.22      1000
         cz       0.01      0.01      0.01      1000
      es-AR       0.47      0.37      0.41      1000
      es-ES       0.50      0.28      0.36      1000
         hr       0.30      0.13      0.18      1000
         id       0.00      0.00      0.00      1000
         mk       0.22      0.33      0.27      1000
         my       0.00      0.00      0.00      1000
      pt-BR       0.21      0.14      0.16      1000
      pt-PT       0.48      0.33      0.39      1000
         sk       0.09      0.41      0.15      1000
         sr       0.27      0.17      0.21      1000
         xx       0.13      0.06      0.08      1000

avg / total       0.22      0.18      0.18     14000

Confusion matrix:
[[ 69   0   0   0   0  13 216 476   0 128   0   0   0  98]
 [ 61 168  37   0   0  78  32  40   1   0  25 310 154  94]
 [264   2   5   0   0  35  72 334   0   0   0 212  71   5]
 [  1   0 276 374 224   0   0   0   4   8   0 109   1   3]
 [  2   0 304 343 280   0   0   0   0   4   2  60   2   3]
 [ 68 104  50   0   0 126  32  51   0   0  20 323 174  52]
 [  0   0   0   0   0   0   0   0   0   0   3 996   0   1]
 [ 80   2   0   0   0  66 257 334   0 216   0   0   0  45]
 [  0   0   1   0   0   0   0   0   0   0   1 998   0   0]
 [255   2 105   0   0   0   4   0   0 136 269 228   1   0]
 [185   0  96   2   0   0  10   0   0 142 326 238   1   0]
 [290   2   0   0   0  20 183  86   1   0   0 409   2   7]
 [ 31 199  33   0   0  64  27  23   3   0  35 316 166 103]
 [101  41  53  85  56  17 105 142  17  16   4 264  39  60]]
=== Results === 

Bulgarian, Macedonian
bg: 69 / 1000 = 0.069
mk: 334 / 1000 = 0.334

Czech, Slovak
cz: 5 / 1000 = 0.005
sk: 409 / 1000 = 0.409

Others
xx: 60 / 1000 = 0.06

Spanish
es-ES: 280 / 1000 = 0.28
es-AR: 374 / 1000 = 0.374

Malay, Indo
my: 0 / 1000 = 0.0
id: 0 / 1000 = 0.0

Bosnian, Croatian, Serbian
bs: 168 / 1000 = 0.168
hr: 126 / 1000 = 0.126
sr: 166 / 1000 = 0.166

Portugese
pt-BR: 136 / 1000 = 0.136
pt-PT: 326 / 1000 = 0.326

Overall: 2453 / 14000 = 0.1752142857142857