             precision    recall  f1-score   support

         bg       0.72      0.77      0.74      1000
         bs       0.20      0.23      0.21      1000
         cz       0.28      0.14      0.19      1000
      es-AR       0.39      0.34      0.37      1000
      es-ES       0.46      0.37      0.41      1000
         hr       0.33      0.14      0.19      1000
         id       0.06      0.04      0.05      1000
         mk       0.61      0.82      0.70      1000
         my       0.04      0.05      0.05      1000
      pt-BR       0.35      0.17      0.22      1000
      pt-PT       0.43      0.21      0.28      1000
         sk       0.14      0.25      0.18      1000
         sr       0.30      0.16      0.21      1000
         xx       0.10      0.25      0.14      1000

avg / total       0.31      0.28      0.28     14000

Confusion matrix:
[[770   7   0   0   2   1   0 167   0   0   0   0   0  53]
 [ 14 227  10   6   0  96   0  52  53   1   0 308 134  99]
 [ 17 189 141   0   0  21 211   1  57   0   0 256  13  94]
 [  2   4   9 343 356   9  10   1  71  15  26  34   1 119]
 [  0   6   8 317 373   8   8   0  66  12  32  20   3 147]
 [ 16 252  11   5   0 136   2  44  38   1   0 239 192  64]
 [ 43   0 167  32   3  25  42  73  60   4   1 128   1 421]
 [ 67   1   2   0   0   0   0 824   0   0   0   4   0 102]
 [ 50   1  69   8   4   8  29  47  53   1   1 188   0 541]
 [  1  15  28  46  18   2  31   0 204 165 220  23   0 247]
 [  2  12  24  51  28   5  27   0 206 204 212  15   2 212]
 [  7 120  25   1   0   7 282   0 253   0   0 247  13  45]
 [  8 207   4   2   0  76   3  32  49   0   0 321 163 135]
 [ 76  76   8  62  27  21  30 104 229  70   3  14  27 253]]
=== Results === 

Spanish
es-ES: 373 / 1000 = 0.373
es-AR: 343 / 1000 = 0.343

Czech, Slovak
cz: 141 / 1000 = 0.141
sk: 247 / 1000 = 0.247

Malay, Indo
my: 53 / 1000 = 0.053
id: 42 / 1000 = 0.042

Others
xx: 253 / 1000 = 0.253

Bulgarian, Macedonian
bg: 770 / 1000 = 0.77
mk: 824 / 1000 = 0.824

Portugese
pt-BR: 165 / 1000 = 0.165
pt-PT: 212 / 1000 = 0.212

Bosnian, Croatian, Serbian
bs: 227 / 1000 = 0.227
hr: 136 / 1000 = 0.136
sr: 163 / 1000 = 0.163

Overall: 3949 / 14000 = 0.2820714285714286