             precision    recall  f1-score   support

         bg       0.22      0.52      0.31      1000
         bs       0.33      0.02      0.03      1000
         cz       0.10      0.35      0.16      1000
      es-AR       0.45      0.23      0.31      1000
      es-ES       0.57      0.21      0.31      1000
         hr       0.10      0.01      0.01      1000
         id       0.00      0.00      0.00      1000
         mk       0.53      0.60      0.56      1000
         my       0.00      0.00      0.00      1000
      pt-BR       0.48      0.04      0.07      1000
      pt-PT       0.30      0.36      0.33      1000
         sk       0.02      0.08      0.03      1000
         sr       0.20      0.06      0.10      1000
         xx       0.04      0.00      0.01      1000

avg / total       0.24      0.18      0.16     14000

Confusion matrix:
[[519   0   0   0   0   9   3 466   0   1   0   0   0   2]
 [ 30  16 315   0   0   4   7   0   0   0  19 513  75  21]
 [554   0 353   0   0   1   0   0   0   0   2  47  43   0]
 [  0   0 309 234 157   0   0   8  36   3 132 117   1   3]
 [  0   0 272 190 210   0   0   4  38   0 187  98   1   0]
 [ 43   4 368   0   0   5   4   0   0   0  33 435 101   7]
 [  0   0  61   0   0   0   0   0   0   0   0 936   0   3]
 [379   2   0   0   0  17   5 597   0   0   0   0   0   0]
 [  0   0  27   0   0   0   0   0   0   0   0 973   0   0]
 [152   0 373   0   0   0   1   0  50  39 330  42   1  12]
 [114   0 399   1   0   0   1   2  39  39 360  33   0  12]
 [354   1 384   0   0  10 146   0   5   0  21  76   1   2]
 [ 17  25 306   0   0   5   7   0   0   0  28 516  63  33]
 [211   0 281  93   4   1  79  55  32   0  76 141  23   4]]
=== Results === 

Portugese
pt-BR: 39 / 1000 = 0.039
pt-PT: 360 / 1000 = 0.36

Bulgarian, Macedonian
bg: 519 / 1000 = 0.519
mk: 597 / 1000 = 0.597

Others
xx: 4 / 1000 = 0.004

Bosnian, Croatian, Serbian
bs: 16 / 1000 = 0.016
hr: 5 / 1000 = 0.005
sr: 63 / 1000 = 0.063

Czech, Slovak
cz: 353 / 1000 = 0.353
sk: 76 / 1000 = 0.076

Malay, Indo
my: 0 / 1000 = 0.0
id: 0 / 1000 = 0.0

Spanish
es-ES: 210 / 1000 = 0.21
es-AR: 234 / 1000 = 0.234

Overall: 2476 / 14000 = 0.17685714285714285