           precision    recall  f1-score   support

         bg       0.26      0.51      0.35      1000
         bs       0.29      0.08      0.12      1000
         cz       0.17      0.33      0.22      1000
      es-AR       0.38      0.35      0.36      1000
      es-ES       0.54      0.19      0.28      1000
         hr       0.30      0.07      0.12      1000
         id       0.00      0.00      0.00      1000
         mk       0.53      0.60      0.56      1000
         my       0.00      0.00      0.00      1000
      pt-BR       0.49      0.19      0.27      1000
      pt-PT       0.25      0.46      0.32      1000
         sk       0.01      0.03      0.01      1000
         sr       0.20      0.21      0.20      1000
         xx       0.11      0.01      0.02      1000

avg / total       0.25      0.21      0.20     14000

Confusion matrix:
[[508   0   0   0   0   9   1 481   0   0   0   0   0   1]
 [ 48  76 191   0   0  46  32   0   0   0  26 342 222  17]
 [110   5 329   0   0  25 174   1  33   0  60  31 232   0]
 [  0   0 219 346 151   0   0   0   7   2 261  10   2   2]
 [  0   0 249 332 187   0   0   0   4   2 217   5   4   0]
 [ 57  47 235   0   0  72  29   0   0   0  21 262 263  14]
 [  0   0   1   0   0   0   0   0   0   0  73 926   0   0]
 [377   0   0   0   0  16   4 602   0   0   0   0   0   1]
 [  0   0   1   0   0   0   0   0   0   0  28 971   0   0]
 [231   1  97  21   0   0   7   0   0 186 437  16   3   1]
 [185   0  95  42   0   0   9   0   0 191 460  12   2   4]
 [204   4 271   0   0  26 357   0  13   0  65  28  27   5]
 [ 22 112 175   0   0  37  25   0   0   0  26 362 206  35]
 [195  20 106 160   6   8 139  55  20   0 160  58  63  10]]
=== Results === 

Czech, Slovak
cz: 329 / 1000 = 0.329
sk: 28 / 1000 = 0.028

Bulgarian, Macedonian
bg: 508 / 1000 = 0.508
mk: 602 / 1000 = 0.602

Bosnian, Croatian, Serbian
bs: 76 / 1000 = 0.076
hr: 72 / 1000 = 0.072
sr: 206 / 1000 = 0.206

Others
xx: 10 / 1000 = 0.01

Malay, Indo
my: 0 / 1000 = 0.0
id: 0 / 1000 = 0.0

Spanish
es-ES: 187 / 1000 = 0.187
es-AR: 346 / 1000 = 0.346

Portugese
pt-BR: 186 / 1000 = 0.186
pt-PT: 460 / 1000 = 0.46

Overall: 3010 / 14000 = 0.215