             precision    recall  f1-score   support

         bg       0.02      0.01      0.01      1000
         bs       0.17      0.03      0.05      1000
         cz       0.08      0.06      0.07      1000
      es-AR       0.42      0.32      0.36      1000
      es-ES       0.51      0.38      0.43      1000
         hr       0.01      0.01      0.01      1000
         id       0.00      0.00      0.00      1000
         mk       0.17      0.25      0.20      1000
         my       0.00      0.00      0.00      1000
      pt-BR       0.50      0.18      0.27      1000
      pt-PT       0.47      0.74      0.58      1000
         sk       0.05      0.18      0.08      1000
         sr       0.20      0.33      0.25      1000
         xx       0.18      0.15      0.16      1000

avg / total       0.20      0.19      0.18     14000

Confusion matrix:
[[  9  19   0   0   0 386  23 175   0   0   0   0   0 388]
 [ 21  29  17   0   0  13   9  74   0   0  36 391 359  51]
 [  0   0  64   0   0   1   0 353   1   0   0 188 390   3]
 [  1   0 275 319 357   1   0   0  30   8   7   1   0   1]
 [  0   0 286 305 380   0   0   2  21   1   2   0   1   2]
 [  9  11  17   0   0  13   4  97   0   1  32 412 389  15]
 [  0   0   0   0   0   0   0   0   0   0   5 995   0   0]
 [  0  56   0   0   0 552   6 250   0   0   0   0   0 136]
 [  3   0   0   0   0   0   0   0   0   0   1 996   0   0]
 [  5   0   8   1   0   0   3  91   0 184 680   0  28   0]
 [  5   0   2   2   0   0   5  56   0 170 738   1  21   0]
 [206   5  62   0   0  13 218 271   7   3   1 183  18  13]
 [ 34  53  16   0   0  18  12  50   0   0  49 363 329  76]
 [212   0  47 135  15   0 110  56  54   0   4 120  99 148]]
=== Results ===

Portugese
pt-BR: 184 / 1000 = 0.184
pt-PT: 738 / 1000 = 0.738

Bosnian, Croatian, Serbian
bs: 29 / 1000 = 0.029
hr: 13 / 1000 = 0.013
sr: 329 / 1000 = 0.329

Spanish
es-ES: 380 / 1000 = 0.38
es-AR: 319 / 1000 = 0.319

Others
xx: 148 / 1000 = 0.148

Czech, Slovak
cz: 64 / 1000 = 0.064
sk: 183 / 1000 = 0.183

Bulgarian, Macedonian
bg: 9 / 1000 = 0.009
mk: 250 / 1000 = 0.25

Malay, Indo
my: 0 / 1000 = 0.0
id: 0 / 1000 = 0.0

Overall: 2646 / 14000 = 0.189